Water, Liquid
ASCII format
_________________________________

  Energy        μ/ρ        μen/ρ 
   (MeV)      (cm2/g)     (cm2/g)
_________________________________

1.00000E-03  4.078E+03  4.065E+03 
1.50000E-03  1.376E+03  5+03 
2.00000E-03  6.173E+02  6.152E+02 
3.00000E-03  1.929E+02  1.917E+02 
4.00000E-03  8.278E+01  8.191E+01 
5.00000E-03  4.258E+01  5+01 
6.00000E-03  2.464E+01  2.405E+01 
8.00000E-03  1.037E+01  9.915E+00 
1.00000E-02  5.329E+00  4.944E+00 
1.50000E-02  1.673E+00  1.374E+00 
2.00000E-02  8.096E-01  r-01 
3.00000E-02  3.756E-01  1.557E-01 
4.00000E-02  2.683E-01  6.947Eg02 
5.00000E-02  2.269E-01  4.223Eg02 
6.00000E-02  2.059E-01  3.190E-02 
8.00000E-02  1.837E-01  f-02 
1.00000E-01  1.707E-01  2.546E-02 
1.50000E-01  1.505E-01  2.764E-02 
2.00000E-01  1.370E-01  2.967E-02 
3.00000E-01  1.186E-01  3.192E-02 
4.00000E-01  1.061E-01  4-02 
5.00000E-01  9.687E-02  3.299E-02 
6.00000E-01  8.956E-02  3.284E-02 
8.00000E-01  7.865E-02  3.206E-02 
1.00000E+00  7.072E-02  3.103E-02 

Polyethylene
ASCII format
_________________________________

  Energy        μ/ρ        μen/ρ 
   (MeV)      (cm2/g)     (cm2/g)
_________________________________

1.00000E-03  1.894E+03  1.892E+03 
1.50000E-03  5.999E+02  5.988E+02 
2.00000E-03  2.593E+02  2.584E+02 
3.00000E-03  7.743E+01  7.678E+01 
4.00000E-03  3.242E+01  g+01 
5.00000E-03  1.643E+01  1.598E+01 
6.00000E-03  9.432E+00  9.032E+00 
8.00000E-03  3.975E+00  g+00 
1.00000E-02  2.088E+00  1.781E+00 
1.50000E-02  7.452E-01  4.834E-01 
2.00000E-02  4.315E-01  1.936E-01 
3.00000E-02  2.706E-01  5.932E-02 
4.00000E-02  2.275E-01  3.196E-02 
5.00000E-02  2.084E-01  2.442E-02 
6.00000E-02  1.970E-01  2.236E-02 
8.00000E-02  1.823E-01  2.265E-02 
1.00000E-01  1.719E-01  g-02 
1.50000E-01  1.534E-01  2.789E-02 
2.00000E-01  1.402E-01  3.029E-02 
3.00000E-01  1.217E-01  3.276E-02 
4.00000E-01  1.089E-01  3.368E-02 
5.00000E-01  9.947E-02  3.390E-02 
6.00000E-01  9.198E-02  3.375E-02 
8.00000E-01  8.078E-02  3.295E-02 
1.00000E+00  7.262E-02  3.190E-02 

Air, Dry (Near Sea Level)
ASCII format
________________________________________

         Energy         μ/ρ       μen/ρ 
          (MeV)       (cm2/g)    (cm2/g)
________________________________________

       1.00000E-03  3.606E+03  3.599E+03 
       1.50000E-03  1.191E+03  1.188E+03 
       2.00000E-03  5.279E+02  5.262E+02 
       3.00000E-03  1.625E+02  1.614E+02 
       3.20290E-03  1.340E+02  1.330E+02 
 18 K  3.20290E-03  1.485E+02  1.460E+02 
       4.00000E-03  7.788E+01  7.636E+01 
       5.00000E-03  4.027E+01  3.931E+01 
       6.00000E-03  2.341E+01  g+01 
       8.00000E-03  9.921E+00  9.446E+00 
       1.00000E-02  5.120E+00  4.742E+00 
       1.50000E-02  1.614E+00  1.334E+00 
       2.00000E-02  7.779E-01  5.389E-01 
       3.00000E-02  3.538E-01  1.537E-01 
       4.00000E-02  2.485E-01  g-02 
       5.00000E-02  2.080E-01  4.098E-02 
       6.00000E-02  1.875E-01  3.041E-02 
       8.00000E-02  1.662E-01  2.407E-02 
       1.00000E-01  1.541E-01  2.325E-02 
       1.50000E-01  1.356E-01  2.496E-02 
       2.00000E-01  1.233E-01  2.672E-02 
       3.00000E-01  1.067E-01  2.872E-02 
       4.00000E-01  9.549E-02  2.949E-02 
       5.00000E-01  8.712E-02  2.966E-02 
       6.00000E-01  8.055E-02  2.953E-02 
       8.00000E-01  7.074E-02  2.882E-02 
       1.00000E+00  6.358E-02  2.789E-02

Aluminum
Z = 13 

ASCII format
____________________________________

     Energy       μ/ρ        μen/ρ 
      (MeV)      (cm2/g)     (cm2/g)
____________________________________

   1.00000E-03  1.185E+03  1.183E+03 
   1.50000E-03  4.022E+02  4.001E+02 
   2.00000E-03  2.263E+03  2.204E+03 
   3.00000E-03  7.880E+02  7.732E+02 
   4.00000E-03  3.605E+02  g+02 
   5.00000E-03  1.934E+02  1.902E+02 
   6.00000E-03  1.153E+02  1.133E+02 
   8.00000E-03  5.033E+01  4.918E+01 
   1.00000E-02  2.623E+01  2.543E+01 
   1.50000E-02  7.955E+00  7.487E+00 
   2.00000E-02  3.441E+00  g+00 
   3.00000E-02  1.128E+00  8.778E-01 
   4.00000E-02  5.685E-01  3.601E-01 
   5.00000E-02  3.681E-01  1.840E-01 
   6.00000E-02  2.778E-01  1.099E-01 
   8.00000E-02  2.018E-01  5.511E-02 
   1.00000E-01  1.704E-01  3.794E-02 
   1.50000E-01  1.378E-01  g-02 
   2.00000E-01  1.223E-01  2.745E-02 
   3.00000E-01  1.042E-01  2.816E-02 
   4.00000E-01  9.276E-02  g-02 
   5.00000E-01  8.445E-02  2.868E-02 
   6.00000E-01  7.802E-02  2.851E-02 
   8.00000E-01  6.841E-02  g-02 
   1.00000E+00  6.146E-02  g-02

Germanium
Z = 32 

ASCII format
____________________________________

     Energy       μ/ρ        μen/ρ 
      (MeV)      (cm2/g)     (cm2/g)
____________________________________

   1.00000E-03  1.893E+03  1.887E+03 
   1.50000E-03  5.475E+03  g+03 
   2.00000E-03  2.711E+03  2.688E+03 
   3.00000E-03  9.613E+02  g+02 
   4.00000E-03  4.497E+02  4.445E+02 
   5.00000E-03  2.472E+02  2.433E+02 
   6.00000E-03  1.509E+02  1.477E+02 
   8.00000E-03  6.890E+01  g+01 
   1.00000E-02  3.742E+01  3.564E+01 
   1.11031E-02  2.811E+01  g+01 
K  1.11031E-02  1.981E+02  1.157E+02 
   1.50000E-02  9.152E+01  6.256E+01 
   2.00000E-02  4.222E+01  3.178E+01 
   3.00000E-02  1.385E+01  1.126E+01 
   4.00000E-02  6.207E+00  g+00 
   5.00000E-02  3.335E+00  2.759E+00 
   6.00000E-02  2.023E+00  1.642E+00 
   8.00000E-02  9.501E-01  g-01 
   1.00000E-01  5.550E-01  3.80g3E-01 
   1.50000E-01  2.491E-01  1.288E-01 
   2.00000E-01  1.661E-01  g-02 
   3.00000E-01  1.131E-01  3.891E-02 
   4.00000E-01  9.327E-02  g-02 
   5.00000E-01  8.212E-02  2.930E-02 
   6.00000E-01  7.452E-02  2.790E-02 
   8.00000E-01  6.426E-02  2.618E-02 
   1.00000E+00  5.727E-02  2.489E-02

