# nXAux	 nYAux 	 XReal 	 XReal
0	285	-40	17
1	284	-39.8	16.9133
2	284	-39.6	16.8266
3	283	-39.4	16.7399
4	283	-39.2	16.6532
5	282	-39	16.5665
6	282	-38.8	16.4798
7	281	-38.6	16.3931
8	281	-38.4	16.3064
9	281	-38.2	16.2197
10	280	-38	16.133
11	280	-37.8	16.0463
12	279	-37.6	15.9596
13	279	-37.4	15.8729
14	278	-37.2	15.7862
15	278	-37	15.6995
16	278	-36.8	15.6128
17	277	-36.6	15.5261
18	277	-36.4	15.4394
19	276	-36.2	15.3527
20	276	-36	15.266
21	275	-35.8	15.1793
22	275	-35.6	15.0926
23	275	-35.4	15.0059
24	274	-35.2	14.9192
25	274	-35	14.8325
26	273	-34.8	14.7458
27	273	-34.6	14.6591
28	272	-34.4	14.5724
29	272	-34.2	14.4857
30	271	-34	14.399
31	271	-33.8	14.3123
32	271	-33.6	14.2256
33	270	-33.4	14.1389
34	270	-33.2	14.0522
35	269	-33	13.9655
36	269	-32.8	13.8788
37	268	-32.6	13.7921
38	268	-32.4	13.7054
39	268	-32.2	13.6187
40	267	-32	13.532
41	267	-31.8	13.4453
42	266	-31.6	13.3586
43	266	-31.4	13.2719
44	265	-31.2	13.1852
45	265	-31	13.0985
46	265	-30.8	13.0118
47	264	-30.6	12.9251
48	264	-30.4	12.8384
49	263	-30.2	12.7517
50	263	-30	12.665
51	262	-29.8	12.5783
52	262	-29.6	12.4916
53	262	-29.4	12.4049
54	261	-29.2	12.3182
55	261	-29	12.2315
56	260	-28.8	12.1448
57	260	-28.6	12.0581
58	259	-28.4	11.9714
59	259	-28.2	11.8847
60	258	-28	11.798
61	258	-27.8	11.7113
62	258	-27.6	11.6246
63	257	-27.4	11.5379
64	257	-27.2	11.4512
65	256	-27	11.3645
66	256	-26.8	11.2778
67	255	-26.6	11.1911
68	255	-26.4	11.1044
69	255	-26.2	11.0177
70	254	-26	10.931
71	254	-25.8	10.8443
72	253	-25.6	10.7576
73	253	-25.4	10.6709
74	252	-25.2	10.5842
75	252	-25	10.4975
76	252	-24.8	10.4108
77	251	-24.6	10.3241
78	251	-24.4	10.2374
79	250	-24.2	10.1507
80	250	-24	10.064
81	249	-23.8	9.97734
82	249	-23.6	9.89064
83	249	-23.4	9.80394
84	248	-23.2	9.71724
85	248	-23	9.63054
86	247	-22.8	9.54384
87	247	-22.6	9.45714
88	246	-22.4	9.37044
89	246	-22.2	9.28374
90	245	-22	9.19704
91	245	-21.8	9.11034
92	245	-21.6	9.02365
93	244	-21.4	8.93695
94	244	-21.2	8.85025
95	243	-21	8.76355
96	243	-20.8	8.67685
97	242	-20.6	8.59015
98	242	-20.4	8.50345
99	242	-20.2	8.41675
100	241	-20	8.33005
101	241	-19.8	8.24335
102	240	-19.6	8.15665
103	240	-19.4	8.06995
104	239	-19.2	7.98325
105	239	-19	7.89655
106	239	-18.8	7.80985
107	238	-18.6	7.72315
108	238	-18.4	7.63645
109	237	-18.2	7.54975
110	237	-18	7.46305
111	236	-17.8	7.37635
112	236	-17.6	7.28966
113	236	-17.4	7.20296
114	235	-17.2	7.11626
115	235	-17	7.02956
116	234	-16.8	6.94286
117	234	-16.6	6.85616
118	233	-16.4	6.76946
119	233	-16.2	6.68276
120	232	-16	6.59606
121	232	-15.8	6.50936
122	232	-15.6	6.42266
123	231	-15.4	6.33596
124	231	-15.2	6.24926
125	230	-15	6.16256
126	230	-14.8	6.07586
127	229	-14.6	5.98916
128	229	-14.4	5.90246
129	229	-14.2	5.81576
130	228	-14	5.72906
131	228	-13.8	5.64236
132	227	-13.6	5.55567
133	227	-13.4	5.46897
134	226	-13.2	5.38227
135	226	-13	5.29557
136	226	-12.8	5.20887
137	225	-12.6	5.12217
138	225	-12.4	5.03547
139	224	-12.2	4.94877
140	224	-12	4.86207
141	223	-11.8	4.77537
142	223	-11.6	4.68867
143	223	-11.4	4.60197
144	222	-11.2	4.51527
145	222	-11	4.42857
146	221	-10.8	4.34187
147	221	-10.6	4.25517
148	220	-10.4	4.16847
149	220	-10.2	4.08177
150	219	-10	3.99507
151	219	-9.8	3.90837
152	219	-9.6	3.82167
153	218	-9.4	3.73498
154	218	-9.2	3.64828
155	217	-9	3.56158
156	217	-8.8	3.47488
157	216	-8.6	3.38818
158	216	-8.4	3.30148
159	216	-8.2	3.21478
160	215	-8	3.12808
161	215	-7.8	3.04138
162	214	-7.6	2.95468
163	214	-7.4	2.86798
164	213	-7.2	2.78128
165	213	-7	2.69458
166	213	-6.8	2.60788
167	212	-6.6	2.52118
168	212	-6.4	2.43448
169	211	-6.2	2.34778
170	211	-6	2.26108
171	210	-5.8	2.17438
172	210	-5.6	2.08768
173	210	-5.4	2.00099
174	209	-5.2	1.91429
175	209	-5	1.82759
176	208	-4.8	1.74089
177	208	-4.6	1.65419
178	207	-4.4	1.56749
179	207	-4.2	1.48079
180	206	-4	1.39409
181	206	-3.8	1.30739
182	206	-3.6	1.22069
183	205	-3.4	1.13399
184	205	-3.2	1.04729
185	204	-3	0.960591
186	204	-2.8	0.873892
187	203	-2.6	0.787192
188	203	-2.4	0.700493
189	203	-2.2	0.613793
190	202	-2	0.527094
191	202	-1.8	0.440394
192	201	-1.6	0.353695
193	201	-1.4	0.266995
194	200	-1.2	0.180296
195	200	-1	0.0935961
196	200	-0.8	0.00689655
197	199	-0.6	-0.079803
198	199	-0.4	-0.166502
199	198	-0.2	-0.253202
200	198	0	-0.339901
201	197	0.2	-0.426601
202	197	0.4	-0.5133
203	197	0.6	-0.6
169	400	-6.2	40
170	393	-6	38.6483
171	386	-5.8	37.2966
172	379	-5.6	35.9448
173	372	-5.4	34.5931
174	366	-5.2	33.2414
175	359	-5	31.8897
176	352	-4.8	30.5379
177	345	-4.6	29.1862
178	339	-4.4	27.8345
179	332	-4.2	26.4828
180	325	-4	25.131
181	318	-3.8	23.7793
182	312	-3.6	22.4276
183	305	-3.4	21.0759
184	298	-3.2	19.7241
185	291	-3	18.3724
186	285	-2.8	17.0207
187	278	-2.6	15.669
188	271	-2.4	14.3172
189	264	-2.2	12.9655
190	258	-2	11.6138
191	251	-1.8	10.2621
192	244	-1.6	8.91034
193	237	-1.4	7.55862
194	231	-1.2	6.2069
195	224	-1	4.85517
196	217	-0.8	3.50345
197	210	-0.6	2.15172
198	204	-0.4	0.8
0	145	-40	-11
1	145	-39.8	-10.9417
2	145	-39.6	-10.8834
3	145	-39.4	-10.8251
4	146	-39.2	-10.7668
5	146	-39	-10.7085
6	146	-38.8	-10.6503
7	147	-38.6	-10.592
8	147	-38.4	-10.5337
9	147	-38.2	-10.4754
10	147	-38	-10.4171
11	148	-37.8	-10.3588
12	148	-37.6	-10.3005
13	148	-37.4	-10.2422
14	149	-37.2	-10.1839
15	149	-37	-10.1256
16	149	-36.8	-10.0673
17	149	-36.6	-10.009
18	150	-36.4	-9.95075
19	150	-36.2	-9.89246
20	150	-36	-9.83417
21	151	-35.8	-9.77588
22	151	-35.6	-9.71759
23	151	-35.4	-9.6593
24	151	-35.2	-9.60101
25	152	-35	-9.54271
26	152	-34.8	-9.48442
27	152	-34.6	-9.42613
28	153	-34.4	-9.36784
29	153	-34.2	-9.30955
30	153	-34	-9.25126
31	154	-33.8	-9.19296
32	154	-33.6	-9.13467
33	154	-33.4	-9.07638
34	154	-33.2	-9.01809
35	155	-33	-8.9598
36	155	-32.8	-8.90151
37	155	-32.6	-8.84322
38	156	-32.4	-8.78492
39	156	-32.2	-8.72663
40	156	-32	-8.66834
41	156	-31.8	-8.61005
42	157	-31.6	-8.55176
43	157	-31.4	-8.49347
44	157	-31.2	-8.43518
45	158	-31	-8.37688
46	158	-30.8	-8.31859
47	158	-30.6	-8.2603
48	158	-30.4	-8.20201
49	159	-30.2	-8.14372
50	159	-30	-8.08543
51	159	-29.8	-8.02714
52	160	-29.6	-7.96884
53	160	-29.4	-7.91055
54	160	-29.2	-7.85226
55	161	-29	-7.79397
56	161	-28.8	-7.73568
57	161	-28.6	-7.67739
58	161	-28.4	-7.6191
59	162	-28.2	-7.5608
60	162	-28	-7.50251
61	162	-27.8	-7.44422
62	163	-27.6	-7.38593
63	163	-27.4	-7.32764
64	163	-27.2	-7.26935
65	163	-27	-7.21106
66	164	-26.8	-7.15276
67	164	-26.6	-7.09447
68	164	-26.4	-7.03618
69	165	-26.2	-6.97789
70	165	-26	-6.9196
71	165	-25.8	-6.86131
72	165	-25.6	-6.80302
73	166	-25.4	-6.74472
74	166	-25.2	-6.68643
75	166	-25	-6.62814
76	167	-24.8	-6.56985
77	167	-24.6	-6.51156
78	167	-24.4	-6.45327
79	168	-24.2	-6.39497
80	168	-24	-6.33668
81	168	-23.8	-6.27839
82	168	-23.6	-6.2201
83	169	-23.4	-6.16181
84	169	-23.2	-6.10352
85	169	-23	-6.04523
86	170	-22.8	-5.98693
87	170	-22.6	-5.92864
88	170	-22.4	-5.87035
89	170	-22.2	-5.81206
90	171	-22	-5.75377
91	171	-21.8	-5.69548
92	171	-21.6	-5.63719
93	172	-21.4	-5.57889
94	172	-21.2	-5.5206
95	172	-21	-5.46231
96	172	-20.8	-5.40402
97	173	-20.6	-5.34573
98	173	-20.4	-5.28744
99	173	-20.2	-5.22915
100	174	-20	-5.17085
101	174	-19.8	-5.11256
102	174	-19.6	-5.05427
103	175	-19.4	-4.99598
104	175	-19.2	-4.93769
105	175	-19	-4.8794
106	175	-18.8	-4.82111
107	176	-18.6	-4.76281
108	176	-18.4	-4.70452
109	176	-18.2	-4.64623
110	177	-18	-4.58794
111	177	-17.8	-4.52965
112	177	-17.6	-4.47136
113	177	-17.4	-4.41307
114	178	-17.2	-4.35477
115	178	-17	-4.29648
116	178	-16.8	-4.23819
117	179	-16.6	-4.1799
118	179	-16.4	-4.12161
119	179	-16.2	-4.06332
120	179	-16	-4.00503
121	180	-15.8	-3.94673
122	180	-15.6	-3.88844
123	180	-15.4	-3.83015
124	181	-15.2	-3.77186
125	181	-15	-3.71357
126	181	-14.8	-3.65528
127	182	-14.6	-3.59698
128	182	-14.4	-3.53869
129	182	-14.2	-3.4804
130	182	-14	-3.42211
131	183	-13.8	-3.36382
132	183	-13.6	-3.30553
133	183	-13.4	-3.24724
134	184	-13.2	-3.18894
135	184	-13	-3.13065
136	184	-12.8	-3.07236
137	184	-12.6	-3.01407
138	185	-12.4	-2.95578
139	185	-12.2	-2.89749
140	185	-12	-2.8392
141	186	-11.8	-2.7809
142	186	-11.6	-2.72261
143	186	-11.4	-2.66432
144	186	-11.2	-2.60603
145	187	-11	-2.54774
146	187	-10.8	-2.48945
147	187	-10.6	-2.43116
148	188	-10.4	-2.37286
149	188	-10.2	-2.31457
150	188	-10	-2.25628
151	189	-9.8	-2.19799
152	189	-9.6	-2.1397
153	189	-9.4	-2.08141
154	189	-9.2	-2.02312
155	190	-9	-1.96482
156	190	-8.8	-1.90653
157	190	-8.6	-1.84824
158	191	-8.4	-1.78995
159	191	-8.2	-1.73166
160	191	-8	-1.67337
161	191	-7.8	-1.61508
162	192	-7.6	-1.55678
163	192	-7.4	-1.49849
164	192	-7.2	-1.4402
165	193	-7	-1.38191
166	193	-6.8	-1.32362
167	193	-6.6	-1.26533
168	193	-6.4	-1.20704
169	194	-6.2	-1.14874
170	194	-6	-1.09045
171	194	-5.8	-1.03216
172	195	-5.6	-0.973869
173	195	-5.4	-0.915578
174	195	-5.2	-0.857286
175	196	-5	-0.798995
176	196	-4.8	-0.740704
177	196	-4.6	-0.682412
178	196	-4.4	-0.624121
179	197	-4.2	-0.565829
180	197	-4	-0.507538
181	197	-3.8	-0.449246
182	198	-3.6	-0.390955
183	198	-3.4	-0.332663
184	198	-3.2	-0.274372
185	198	-3	-0.21608
186	199	-2.8	-0.157789
187	199	-2.6	-0.0994975
188	199	-2.4	-0.041206
189	200	-2.2	0.0170854
190	200	-2	0.0753769
191	200	-1.8	0.133668
192	200	-1.6	0.19196
193	201	-1.4	0.250251
194	201	-1.2	0.308543
195	201	-1	0.366834
196	202	-0.8	0.425126
197	202	-0.6	0.483417
198	202	-0.4	0.541709
199	203	-0.2	0.6